##TITLE= Parameter file, TopSpin 3.5 pl 7
##JCAMPDX= 5.0
##DATATYPE= Parameter Values
##NPOINTS= 26	$$ modification sequence number
##ORIGIN= Bruker BioSpin GmbH
##OWNER= nmr600
$$ 2019-09-17 16:03:30.171 +0200  nmr600@av600
$$ /opt/topspin3.0/data/nmr600/nmr/6Sep1719/252/pdata/1/clevels
$$ process /opt/topspin3.5pl7/prog/mod/dataserver
##$LEVELS= (0..255)
78933.3487968578 102613.328209023 133397.36871655 173416.554104623 225441.553971866
293074.011754462 380996.206871837 495295.052115459 643883.550932169 837048.641438712
1088163.26750618 1414612.20571322 1838995.89265407 2390694.6604503 3107903.03335849
4040273.92654811 5252356.14655737 6828062.99893354 8876481.87338671 11539426.4185848
15001254.3441602 19501630.6305904 25352119.8449944 32957755.8069017 42845082.5405632
55698607.3027321 72408189.4683249 94130646.3676851 122369840.261173 159080792.331116
0 0 0 0 0 0 0 0 0 0 0 0 0 0 0 0 0 0 0 0 0 0 0 0 0 0 0 0 0 0 0 0 0 0 0 0
0 0 0 0 0 0 0 0 0 0 0 0 0 0 0 0 0 0 0 0 0 0 0 0 0 0 0 0 0 0 0 0 0 0 0 0
0 0 0 0 0 0 0 0 0 0 0 0 0 0 0 0 0 0 0 0 0 0 0 0 0 0 0 0 0 0 0 0 0 0 0 0
0 0 0 0 0 0 0 0 0 0 0 0 0 0 0 0 0 0 0 0 0 0 0 0 0 0 0 0 0 0 0 0 0 0 0 0
0 0 0 0 0 0 0 0 0 0 0 0 0 0 0 0 0 0 0 0 0 0 0 0 0 0 0 0 0 0 0 0 0 0 0 0
0 0 0 0 0 0 0 0 0 0 0 0 0 0 0 0 0 0 0 0 0 0 0 0 0 0 0 0 0 0 0 0 0 0 0 0
0 0 0 0 0 0 0 0 0 0
##$LEVSIGN= 1
##$MAXLEV= 30
##$METHOD= 0
##$NEGBASE= -93868.1
##$NEGINCR= 1.8
##$POSBASE= 93868.1
##$POSINCR= 1.3
##END=
