##TITLE= Parameter file, TopSpin 3.5 pl 7
##JCAMPDX= 5.0
##DATATYPE= Parameter Values
##NPOINTS= 18	$$ modification sequence number
##ORIGIN= Bruker BioSpin GmbH
##OWNER= nmr600
$$ 2019-08-30 10:45:16.324 +0200  nmr600@av600
$$ /opt/topspin3.0/data/nmr600/nmr/6Aug3019/23/pdata/1/clevels
$$ process /opt/topspin3.5pl7/prog/mod/dataserver
##$LEVELS= (0..255)
231751.255520541 301276.584608419 391659.655127514 509157.599234052 661904.831435983
860476.257082636 1118619.11042328 1454204.79598199 1890466.13964001 2457606.14802101
3194887.92107489 4153354.13090836 5399360.39396501 7019168.70242765 9124919.14666695
11862394.9620195 15421113.4268412 20047447.5738142 26061681.7983902 33880186.290339
44044242.2250089 57257514.8687275 74434769.210425 96765199.9973366 125794760.06789
163533188.040689 212593144.357759 276371087.784007 359282414.23813 467067138.438217
0 0 0 0 0 0 0 0 0 0 0 0 0 0 0 0 0 0 0 0 0 0 0 0 0 0 0 0 0 0 0 0 0 0 0 0
0 0 0 0 0 0 0 0 0 0 0 0 0 0 0 0 0 0 0 0 0 0 0 0 0 0 0 0 0 0 0 0 0 0 0 0
0 0 0 0 0 0 0 0 0 0 0 0 0 0 0 0 0 0 0 0 0 0 0 0 0 0 0 0 0 0 0 0 0 0 0 0
0 0 0 0 0 0 0 0 0 0 0 0 0 0 0 0 0 0 0 0 0 0 0 0 0 0 0 0 0 0 0 0 0 0 0 0
0 0 0 0 0 0 0 0 0 0 0 0 0 0 0 0 0 0 0 0 0 0 0 0 0 0 0 0 0 0 0 0 0 0 0 0
0 0 0 0 0 0 0 0 0 0 0 0 0 0 0 0 0 0 0 0 0 0 0 0 0 0 0 0 0 0 0 0 0 0 0 0
0 0 0 0 0 0 0 0 0 0
##$LEVSIGN= 1
##$MAXLEV= 30
##$METHOD= 0
##$NEGBASE= -97439.4
##$NEGINCR= 1.8
##$POSBASE= 97439.4
##$POSINCR= 1.3
##END=
