##TITLE= Parameter file, TopSpin 3.5 pl 7
##JCAMPDX= 5.0
##DATATYPE= Parameter Values
##NPOINTS= 17	$$ modification sequence number
##ORIGIN= Bruker BioSpin GmbH
##OWNER= nmr600
$$ 2019-09-18 13:13:44.570 +0200  nmr600@av600
$$ /opt/topspin3.0/data/nmr600/nmr/6Sep1819/33/pdata/1/clevels
$$ process /opt/topspin3.5pl7/prog/mod/dataserver
##$LEVELS= (0..255)
182313.574534925 237007.663713331 308109.996463187 400542.844040788 520705.764524738
676917.577971801 879992.884999197 1143990.63277346 1487187.87305928 1933344.1340695
2513347.39110827 3267351.62525868 4247557.16329007 5521824.34591295 7178371.61605098
9331883.1176842 12131448.1034432 15770882.4335686 20502147.2645468 26652791.4270929
34648628.7206774 45043217.3873344 58556182.6203526 76123037.490548 98959948.7881663
128647933.290073 167242313.378002 217415007.307313 282639509.432235 367431362.362813
0 0 0 0 0 0 0 0 0 0 0 0 0 0 0 0 0 0 0 0 0 0 0 0 0 0 0 0 0 0 0 0 0 0 0 0
0 0 0 0 0 0 0 0 0 0 0 0 0 0 0 0 0 0 0 0 0 0 0 0 0 0 0 0 0 0 0 0 0 0 0 0
0 0 0 0 0 0 0 0 0 0 0 0 0 0 0 0 0 0 0 0 0 0 0 0 0 0 0 0 0 0 0 0 0 0 0 0
0 0 0 0 0 0 0 0 0 0 0 0 0 0 0 0 0 0 0 0 0 0 0 0 0 0 0 0 0 0 0 0 0 0 0 0
0 0 0 0 0 0 0 0 0 0 0 0 0 0 0 0 0 0 0 0 0 0 0 0 0 0 0 0 0 0 0 0 0 0 0 0
0 0 0 0 0 0 0 0 0 0 0 0 0 0 0 0 0 0 0 0 0 0 0 0 0 0 0 0 0 0 0 0 0 0 0 0
0 0 0 0 0 0 0 0 0 0
##$LEVSIGN= 1
##$MAXLEV= 30
##$METHOD= 0
##$NEGBASE= -108404.3
##$NEGINCR= 1.8
##$POSBASE= 108404.3
##$POSINCR= 1.3
##END=
