##TITLE= Parameter file, TopSpin 3.5 pl 7
##JCAMPDX= 5.0
##DATATYPE= Parameter Values
##NPOINTS= 26	$$ modification sequence number
##ORIGIN= Bruker BioSpin GmbH
##OWNER= nmr600
$$ 2019-08-09 11:13:57.048 +0200  nmr600@av600
$$ /opt/topspin3.0/data/nmr600/nmr/6Aug0919/43/pdata/1/clevels
$$ process /opt/topspin3.5pl7/prog/mod/dataserver
##$LEVELS= (0..255)
204272.401057046 235934.379976155 272504.245642012 314742.844951155 363527.555997661
419874.349804716 484955.326572787 560123.040152896 646942.176430419 747218.403281752
863037.402868634 996807.863730444 1151313.52384329 1329766.9107354 1535880.61785061
1773941.97502453 2048902.99246704 2366483.31550967 2733287.88717399 3156947.80384238
3646274.74737907 4211447.09563495 4864221.48879646 5618176.07411836 6488993.34863614
7494787.1253417 8656479.2796763 9998233.06456609 11547959.3988774 13337893.3008649
0 0 0 0 0 0 0 0 0 0 0 0 0 0 0 0 0 0 0 0 0 0 0 0 0 0 0 0 0 0 0 0 0 0 0 0
0 0 0 0 0 0 0 0 0 0 0 0 0 0 0 0 0 0 0 0 0 0 0 0 0 0 0 0 0 0 0 0 0 0 0 0
0 0 0 0 0 0 0 0 0 0 0 0 0 0 0 0 0 0 0 0 0 0 0 0 0 0 0 0 0 0 0 0 0 0 0 0
0 0 0 0 0 0 0 0 0 0 0 0 0 0 0 0 0 0 0 0 0 0 0 0 0 0 0 0 0 0 0 0 0 0 0 0
0 0 0 0 0 0 0 0 0 0 0 0 0 0 0 0 0 0 0 0 0 0 0 0 0 0 0 0 0 0 0 0 0 0 0 0
0 0 0 0 0 0 0 0 0 0 0 0 0 0 0 0 0 0 0 0 0 0 0 0 0 0 0 0 0 0 0 0 0 0 0 0
0 0 0 0 0 0 0 0 0 0
##$LEVSIGN= 1
##$MAXLEV= 30
##$METHOD= 0
##$NEGBASE= -36110.6
##$NEGINCR= 1.155
##$POSBASE= 36110.6
##$POSINCR= 1.155
##END=
