##TITLE= Parameter file, TopSpin 3.5 pl 7
##JCAMPDX= 5.0
##DATATYPE= Parameter Values
##NPOINTS= 18	$$ modification sequence number
##ORIGIN= Bruker BioSpin GmbH
##OWNER= nmr600
$$ 2019-08-22 14:24:45.889 +0200  nmr600@av600
$$ /opt/topspin3.0/data/nmr600/nmr/6Aug2219/43/pdata/1/clevels
$$ process /opt/topspin3.5pl7/prog/mod/dataserver
##$LEVELS= (0..255)
199294.804921901 246926.205108204 305941.660964028 379061.640571961 469657.465839983
581905.701083308 720980.88648276 893295.361742395 1106792.9071177 1371316.71968692
1699061.1429053 2105137.0853547 2608264.58303121 3231639.93172851 4004001.94369241
4960958.20944698 6146627.20031422 7615671.21958754 9435816.73726751 11690976.806631
14485120.1968168 17947064.1660341 22236412.1993299 27550914.8794491 34135583.5221831
42293988.1242464 52402251.2250604 64926389.2089871 80443796.1996628 99669863.4769188
0 0 0 0 0 0 0 0 0 0 0 0 0 0 0 0 0 0 0 0 0 0 0 0 0 0 0 0 0 0 0 0 0 0 0 0
0 0 0 0 0 0 0 0 0 0 0 0 0 0 0 0 0 0 0 0 0 0 0 0 0 0 0 0 0 0 0 0 0 0 0 0
0 0 0 0 0 0 0 0 0 0 0 0 0 0 0 0 0 0 0 0 0 0 0 0 0 0 0 0 0 0 0 0 0 0 0 0
0 0 0 0 0 0 0 0 0 0 0 0 0 0 0 0 0 0 0 0 0 0 0 0 0 0 0 0 0 0 0 0 0 0 0 0
0 0 0 0 0 0 0 0 0 0 0 0 0 0 0 0 0 0 0 0 0 0 0 0 0 0 0 0 0 0 0 0 0 0 0 0
0 0 0 0 0 0 0 0 0 0 0 0 0 0 0 0 0 0 0 0 0 0 0 0 0 0 0 0 0 0 0 0 0 0 0 0
0 0 0 0 0 0 0 0 0 0
##$LEVSIGN= 1
##$MAXLEV= 30
##$METHOD= 0
##$NEGBASE= -59250.7
##$NEGINCR= 1.239
##$POSBASE= 59250.7
##$POSINCR= 1.239
##END=
