##TITLE= Parameter file, TopSpin 3.5 pl 7
##JCAMPDX= 5.0
##DATATYPE= Parameter Values
##NPOINTS= 17	$$ modification sequence number
##ORIGIN= Bruker BioSpin GmbH
##OWNER= nmr600
$$ 2019-09-18 14:30:20.712 +0200  nmr600@av600
$$ /opt/topspin3.0/data/nmr600/nmr/6Sep1819/42/pdata/1/clevels
$$ process /opt/topspin3.5pl7/prog/mod/dataserver
##$LEVELS= (0..255)
47085.7 61211.4 79574.8 103447.3 134481.5 174825.9 227273.7 295455.8 384092.5
499320.3 649116.4 843851.3 1097006.6 1426108.6 1853941.2 2410123.6 3133160.7
4073108.9 5295041.6 6883554 8948620.2 11633206.3 15123168.2 19660118.6
25558154.2 33225600.5 43193280.7 56151264.9 72996644.3 94895637.6 0 0 0
0 0 0 0 0 0 0 0 0 0 0 0 0 0 0 0 0 0 0 0 0 0 0 0 0 0 0 0 0 0 0 0 0 0 0 0
0 0 0 0 0 0 0 0 0 0 0 0 0 0 0 0 0 0 0 0 0 0 0 0 0 0 0 0 0 0 0 0 0 0 0 0
0 0 0 0 0 0 0 0 0 0 0 0 0 0 0 0 0 0 0 0 0 0 0 0 0 0 0 0 0 0 0 0 0 0 0 0
0 0 0 0 0 0 0 0 0 0 0 0 0 0 0 0 0 0 0 0 0 0 0 0 0 0 0 0 0 0 0 0 0 0 0 0
0 0 0 0 0 0 0 0 0 0 0 0 0 0 0 0 0 0 0 0 0 0 0 0 0 0 0 0 0 0 0 0 0 0 0 0
0 0 0 0 0 0 0 0 0 0 0 0 0 0 0 0 0 0 0 0 0 0 0 0 0 0 0 0 0 0 0 0 0 0 0 0
0 0 0 0 0 0 0
##$LEVSIGN= 1
##$MAXLEV= 30
##$METHOD= 0
##$NEGBASE= -47085.7
##$NEGINCR= 1.8
##$POSBASE= 47085.7
##$POSINCR= 1.3
##END=
