##TITLE= Parameter file, TopSpin 3.5 pl 7
##JCAMPDX= 5.0
##DATATYPE= Parameter Values
##NPOINTS= 18	$$ modification sequence number
##ORIGIN= Bruker BioSpin GmbH
##OWNER= nmr600
$$ 2019-08-30 12:28:59.234 +0200  nmr600@av600
$$ /opt/topspin3.0/data/nmr600/nmr/6Aug3019/33/pdata/1/clevels
$$ process /opt/topspin3.5pl7/prog/mod/dataserver
##$LEVELS= (0..255)
618021.865753655 803428.761838317 1044457.25584639 1357794.09624174 1765132.39238597
2294671.77374319 2983073.30586615 3877995.63398456 5041393.98782137 6553812.7896132
8519956.42468202 11075943.1502715 14398725.8262661 18718344.1123196 24333847.0096569
31634001.112554 41124201.3117767 53461462.1762118 69499900.3581733 90349870.4656253
117454831.739856 152691281.5309 198498665.721083 258048265.033778 335462745.014813
436101568.384714 566932038.900128 737011650.30108 958115145.458675 1245549689.43264
0 0 0 0 0 0 0 0 0 0 0 0 0 0 0 0 0 0 0 0 0 0 0 0 0 0 0 0 0 0 0 0 0 0 0 0
0 0 0 0 0 0 0 0 0 0 0 0 0 0 0 0 0 0 0 0 0 0 0 0 0 0 0 0 0 0 0 0 0 0 0 0
0 0 0 0 0 0 0 0 0 0 0 0 0 0 0 0 0 0 0 0 0 0 0 0 0 0 0 0 0 0 0 0 0 0 0 0
0 0 0 0 0 0 0 0 0 0 0 0 0 0 0 0 0 0 0 0 0 0 0 0 0 0 0 0 0 0 0 0 0 0 0 0
0 0 0 0 0 0 0 0 0 0 0 0 0 0 0 0 0 0 0 0 0 0 0 0 0 0 0 0 0 0 0 0 0 0 0 0
0 0 0 0 0 0 0 0 0 0 0 0 0 0 0 0 0 0 0 0 0 0 0 0 0 0 0 0 0 0 0 0 0 0 0 0
0 0 0 0 0 0 0 0 0 0
##$LEVSIGN= 1
##$MAXLEV= 30
##$METHOD= 0
##$NEGBASE= -91869.5
##$NEGINCR= 1.8
##$POSBASE= 91869.5
##$POSINCR= 1.3
##END=
